[gd_scene load_steps=9 format=2]

[ext_resource path="res://Assets/Scenes/MainCharacter.tscn" type="PackedScene" id=1]
[ext_resource path="res://Scripts/MainCharacter.gd" type="Script" id=2]
[ext_resource path="res://Assets/Resources/Environments/MainSky.tres" type="Environment" id=3]

[sub_resource type="CubeMesh" id=3]
size = Vector3( 20, 2, 20 )

[sub_resource type="SpatialMaterial" id=5]
albedo_color = Color( 0.788235, 0.701961, 0.701961, 1 )

[sub_resource type="BoxShape" id=4]
extents = Vector3( 10, 1, 10 )

[sub_resource type="BoxShape" id=1]

[sub_resource type="CubeMesh" id=2]

[node name="Level" type="Spatial"]

[node name="Floor" type="StaticBody" parent="."]

[node name="MeshInstance" type="MeshInstance" parent="Floor"]
mesh = SubResource( 3 )
material/0 = SubResource( 5 )

[node name="CollisionShape" type="CollisionShape" parent="Floor"]
shape = SubResource( 4 )

[node name="Box" type="RigidBody" parent="."]
transform = Transform( 0.80695, 0.413095, -0.422119, -0.59062, 0.564402, -0.576731, 0, 0.714705, 0.699426, -6, 4.27792, -9.71309 )

[node name="CollisionShape" type="CollisionShape" parent="Box"]
shape = SubResource( 1 )

[node name="MeshInstance" type="MeshInstance" parent="Box"]
transform = Transform( 1, 1.49449e-08, 1.33512e-08, 0, 1, -5.96046e-08, -2.98023e-08, -5.96046e-08, 1, 0, 0, 0 )
mesh = SubResource( 2 )
material/0 = null

[node name="MainCharacter" parent="." instance=ExtResource( 1 )]
transform = Transform( 1, 0, 0, 0, 1, 0, 0, 0, 1, 0, 2, 0 )
script = ExtResource( 2 )

[node name="CameraTarget" type="Spatial" parent="MainCharacter"]
transform = Transform( 1, 0, 0, 0, 1, 0, 0, 0, 1, 0, 2.94848, 12.1309 )

[node name="InterpolatedCamera" type="InterpolatedCamera" parent="."]
transform = Transform( 1, 4.20728e-05, 3.05867e-05, -4.70922e-05, 0.482554, 0.875866, 2.20904e-05, -0.875866, 0.482554, -0.866899, 10.0438, 18.9467 )
environment = ExtResource( 3 )
target = NodePath("../MainCharacter/CameraTarget")
speed = 3.0
enabled = true

[node name="DirectionalLight" type="DirectionalLight" parent="."]
transform = Transform( -1, -3.55271e-15, -8.74228e-08, -6.57822e-08, 0.658637, 0.752461, 5.75799e-08, 0.752461, -0.658637, 0, 5, -12 )
light_color = Color( 0.980392, 0.913725, 0.388235, 1 )
light_energy = 1.5
shadow_enabled = true
